0
[266 412]


1

1
[518 412]


2

2
[513 568]


3

3
[305 565]


4

4
[310 778]


5

5
[795 781]


6

6

6

6

6

6

6

6
[788 975]


7

7

7

7

7

7

7

7
[319 977]


8

8
[330 1245]


9

9
[1104 1241]


10

10
[1080 390]


11

11
[968 258]


12

12

12

12

12

12
[815 254]


13

13

13

13
[824 116]


14

14
[1249 108]


15

15
[1272 1332]


16

16
[181 1324]


17

17
[170 416]


18
[524 405]

[538 246]

[814 255]

[808 420]

{map[2:{2 814 255} 3:{3 808 420} 0:{0 524 405} 1:{1 538 246}] map[0:[1 3] 1:[2 0] 2:[3 1] 3:[0 2]]}

2

{1 722 1191}
